9347485867152;CodeTech Solutions;50000.0;7574;PK00COMSATS0765531993839;1667 9208 5463 5892
9381032313123;vamshi;7000.0;6527;PK00COMSATS0119704486302;6016 3682 9890 9949
9347485867125;vamshi;40000.0;9475;PK00COMSATS0155043318786;7997 5762 7808 5618
9347485867124;vamshi;40464.0;5173;PK00COMSATS0232592563068;8747 3031 8432 9644
3537529384509;Bilal Anar;8901.0;4912;PK00COMSATS0968501458903;2461 9985 3779 9072
8989898898989;Bilo;88888.0;8464;PK00COMSATS0864311979667;3320 3302 1143 4682
0909090909090;Ptta;9.0;2617;PK00COMSATS0612931598678;7501 8058 6334 5720
1234567890987;Billll;2727.0;5786;PK00COMSATS0121332169709;1742 2532 5608 5868
0987654321123;Ali Ahmed;2333.0;8900;PK00COMSATS0593357814374;2014 6479 8574 5575
1122334455667;Bilal Ansar;7000.0;8640;PK00COMSATS0830643362449;6729 2671 9695 1408
9090909090909;Ali Ahmed;7000.0;7941;PK00COMSATS0729364413129;2134 4169 4887 9459
1234567891012;honey;20200.0;4737;PK00COMSATS0656205689746;4652 2152 1909 4255
9347485867155;CODTECH SOLUTIONS;50000.0;3361;PK00COMSATS0490105647034;2814 5804 1453 9172
